4294967279,365
4294967278,565
64,4
64,3
64,2
64,1
64,0
4294967279,364
4294967278,564
4294967279,363
4294967278,563
4294967279,362
63,4
63,3
63,2
63,1
63,0
62,4
62,3
62,2
62,1
62,0
4294967294,183
61,4
61,3
61,2
61,1
61,0
60,4
60,3
60,2
60,1
60,0
4294967279,361
4294967278,562
59,4
59,3
59,2
59,1
59,0
4294967279,360
4294967278,561
58,4
58,3
58,2
58,1
58,0
4294967278,560
57,4
57,3
57,2
57,1
57,0
4294967279,359
56,4
56,3
56,2
56,1
56,0
55,4
55,3
55,2
55,1
55,0
54,4
54,3
54,2
54,1
54,0
4294967278,559
4294967279,358
4294967278,558
4294967279,357
53,4
53,3
53,2
53,1
53,0
4294967279,356
52,4
52,3
52,2
52,1
52,0
51,4
51,3
51,2
51,1
51,0
50,4
50,3
50,2
50,1
50,0
49,4
49,3
49,2
49,1
49,0
4294967278,557
4294967279,355
4294967279,354
4294967278,556
48,4
48,3
48,2
48,1
48,0
4294967278,555
4294967279,353
47,4
47,3
47,2
47,1
47,0
4294967279,352
4294967279,351
4294967278,554
46,4
46,3
46,2
46,1
46,0
4294967279,350
4294967278,553
45,4
45,3
45,2
45,1
45,0
4294967278,552
44,4
44,3
44,2
44,1
44,0
4294967279,349
4294967278,551
43,4
43,3
43,2
43,1
43,0
4294967279,348
4294967278,550
4294967278,549
4294967279,347
4294967279,346
42,4
42,3
42,2
42,1
42,0
4294967279,345
4294967278,548
4294967278,547
4294967279,344
4294967279,343
41,4
41,3
41,2
41,1
41,0
4294967279,342
4294967278,546
40,4
40,3
40,2
40,1
40,0
4294967279,341
4294967278,545
4294967279,340
39,4
39,3
39,2
39,1
39,0
4294967278,544
4294967279,339
38,4
38,3
38,2
38,1
38,0
4294967279,338
4294967278,543
4294967278,542
4294967279,337
4294967279,336
37,4
37,3
37,2
37,1
37,0
4294967279,335
4294967278,541
36,4
36,3
36,2
36,1
36,0
4294967278,540
4294967279,334
35,4
35,3
35,2
35,1
35,0
4294967279,333
4294967279,332
34,4
34,3
34,2
34,1
34,0
4294967279,331
4294967279,330
4294967278,539
4294967278,538
4294967279,329
33,4
33,3
33,2
33,1
33,0
4294967278,537
4294967279,328
4294967278,536
4294967278,535
4294967278,534
4294967279,327
32,4
4294967278,533
32,3
32,2
32,1
32,0
4294967278,532
4294967279,326
4294967278,531
4294967279,325
4294967278,530
4294967278,529
4294967279,324
4294967279,323
4294967279,322
4294967278,528
4294967279,321
31,4
4294967278,527
31,3
31,2
31,1
31,0
4294967279,320
4294967279,319
30,4
30,3
30,2
30,1
30,0
4294967279,318
4294967278,526
4294967278,525
29,4
29,3
29,2
29,1
29,0
28,4
28,3
28,2
28,1
28,0
4294967278,524
27,4
27,3
27,2
27,1
27,0
4294967278,523
4294967279,317
4294967278,522
4294967278,521
4294967279,316
4294967279,315
4294967278,520
26,4
26,3
26,2
26,1
26,0
4294967278,519
4294967279,314
4294967278,518
4294967278,517
4294967279,313
25,4
25,3
25,2
25,1
25,0
4294967278,516
4294967279,312
4294967278,515
4294967278,514
4294967279,311
4294967279,310
4294967278,513
24,4
24,3
24,2
24,1
24,0
4294967278,512
4294967279,309
4294967278,319
4294967278,318
4294967279,308
4294967279,307
4294967279,306
4294967278,317
23,4
23,3
23,2
23,1
23,0
4294967278,316
4294967279,305
4294967278,315
4294967278,314
4294967279,304
4294967279,303
4294967278,313
22,4
22,3
22,2
22,1
22,0
4294967278,312
4294967279,302
4294967278,311
4294967278,310
4294967279,301
21,4
21,3
21,2
21,1
21,0
4294967278,309
4294967279,300
4294967278,308
4294967278,307
4294967279,299
20,4
20,3
20,2
